100
3 1 5 15 13 11
3 0 8 23 22 21
1 1 1 8
3 0 4 17 8 5
3 3 7 27 2 23
2 0 0 30 30
1 1 3 16
3 0 7 0 7 17
2 0 8 20 25
3 1 1 14 20 0
1 0 2 9
1 1 3 8
3 3 5 17 13 27
3 2 9 24 5 18
1 0 6 14
3 2 3 5 6 6
2 2 0 22 12
1 0 4 9
3 2 2 4 10 28
3 0 9 13 23 24
3 1 8 20 24 21
3 0 9 7 9 14
3 1 2 28 3 3
2 2 4 14 28
3 0 1 6 9 5
2 0 0 5 13
2 0 7 10 0
3 2 8 8 17 7
3 0 2 2 3 2
3 1 7 18 18 18
3 2 1 3 21 0
3 1 5 0 0 6
2 2 0 8 18
1 1 6 22
2 1 0 13 28
2 1 2 28 11
1 0 1 15
2 2 5 7 6
1 0 4 8
3 0 0 0 0 0
1 0 1 0
3 0 9 24 20 26
1 1 4 11
3 0 7 18 7 18
2 2 2 7 5
2 0 9 13 23
1 0 9 24
2 0 1 22 11
3 0 8 21 1 1
3 0 0 17 8 20
1 0 10 26
3 1 2 28 21 20
3 0 2 24 20 29
1 0 7 19
1 0 3 6
2 0 8 20 9
2 0 8 22 22
1 0 2 16
3 0 5 0 17 0
2 0 2 6 8
3 0 7 3 25 23
1 0 3 5
1 0 1 16
3 0 3 6 27 22
3 3 5 7 2 23
1 1 7 3
3 3 7 28 14 13
3 0 6 2 15 15
2 2 2 10 23
1 0 10 26
3 3 10 9 18 4
1 0 0 22
1 0 9 18
1 0 8 20
3 0 8 30 21 20
3 0 7 13 6 3
2 0 10 30 29
2 0 8 20 21
2 2 10 14 15
3 1 7 23 17 17
3 3 7 7 11 26
2 0 8 21 10
2 2 1 25 22
3 0 3 0 4 1
3 3 6 21 19 27
1 0 2 17
2 0 10 30 30
2 2 5 12 14
2 1 2 3 3
1 1 1 7
3 0 7 25 10 7
2 1 3 23 11
2 0 2 3 2
2 2 5 22 20
2 0 6 9 14
2 0 4 14 24
3 1 10 25 1 24
1 0 8 21
3 0 8 21 20 15
3 3 0 9 2 8
